X1,Y1,X2,Y2,slop,b,width
790.92145,11.0,939.4787,39.827305,0.19404843,-142.47707,5.021704
206.03293,23.0,1182.9653,212.5722,0.19404843,-16.980368,5.033962
909.4718,49.0,1421.0078,148.26276,0.19404843,-127.48158,5.06946
1014.5034,133.0,1883.2871,301.58612,0.19404843,-63.862797,5.1124015
230.79803,157.0,457.6022,201.01099,0.19404843,112.214005,5.1517754
512.6086,165.0,998.71735,259.32864,0.19404843,65.529106,5.168698
1413.768,202.0,2010.7848,317.8502,0.19404843,-72.339455,5.249575
1869.929,250.0,2020.6063,279.2387,0.19404843,-112.85678,5.291445
650.4398,408.0,838.5436,444.50122,0.19404843,281.78317,5.3525553
110.38039,465.0,1493.4073,733.3742,0.19404843,443.58087,5.4399123
1856.829,761.0,2029.3975,794.48663,0.19404843,400.68524,5.4921484
1712.87,788.0,1922.3534,828.64996,0.19404843,455.62027,5.552989
1631.0359,867.0,1959.5114,930.7402,0.19404843,550.50006,5.6380672
1528.1709,968.0,1890.628,1038.3342,0.19404843,671.4608,5.640652
419.46494,989.0,1852.7733,1267.1312,0.19404843,907.6035,5.7356358
1382.3402,1034.0,1794.7773,1114.0327,0.19404843,765.75903,5.736314
513.3791,1052.0,1898.9503,1320.8679,0.19404843,952.3796,5.7450857
976.0311,1142.0,1766.9374,1295.4741,0.19404843,952.60266,5.7650266
1409.3674,1251.0,1655.3131,1298.7253,0.19404843,977.51447,5.7921243
133.70102,1380.0,854.08307,1519.7891,0.19404843,1354.0555,5.816094
383.87042,1471.0,1281.5338,1645.1902,0.19404843,1396.5105,5.8284755
1985.3801,1558.0,2053.103,1571.1415,0.19404843,1172.7401,5.9030304
2042.6028,1616.0,2056.217,1618.6418,0.19404843,1219.6361,5.953333
585.2828,1632.0,1309.0885,1772.4534,0.19404843,1518.4268,6.013139
1488.6842,1711.0,1860.5771,1783.1653,0.19404843,1422.1232,6.0152826
1777.862,2014.0,1940.4995,2045.5596,0.19404843,1669.0087,6.085452
189.4317,2022.0,1376.5862,2252.3655,0.19404843,1985.2411,6.1669154
