X1,Y1,X2,Y2,slop,b,width
1634.7523,96.0,1735.3724,146.27498,0.49965125,-720.806,5.0157065
362.51785,143.0,1222.1182,572.50037,0.49965125,-38.132504,5.0552745
1556.7319,463.0,1773.5156,571.3163,0.49965125,-314.82306,5.1458063
413.46695,738.0,570.58673,816.50507,0.49965125,531.4107,5.237136
1695.6864,1270.0,1974.586,1409.3525,0.49965125,422.74817,5.3038573
1402.9983,1324.0,1990.5299,1617.5609,0.49965125,622.9902,5.3901777
585.15314,1376.0,1992.4017,2079.1335,0.49965125,1083.6276,5.4464984
1256.8193,1380.0,1901.3695,1702.0503,0.49965125,752.0286,5.453992
858.82855,1750.0,2004.0675,2322.22,0.49965125,1320.8853,5.502119
311.6799,1843.0,1430.9888,2402.2642,0.49965125,1687.2688,5.5506682
1918.4519,1927.0,2034.2207,1984.844,0.49965125,968.4431,5.5769596
1736.6517,2000.0,1909.3431,2086.2854,0.49965125,1132.2798,5.5802603
