X1,Y1,X2,Y2,slop,b,width
239.6949,28.0,1010.89905,336.71753,0.40030584,-67.95127,4.0238557
1538.4735,40.0,1793.3993,142.04831,0.40030584,-575.8599,4.0868864
1517.7429,116.0,1682.4304,181.92535,0.40030584,-491.5614,4.1554294
1794.9147,199.0,1977.4525,272.07092,0.40030584,-519.5149,4.2220545
1644.3483,202.0,1884.4392,298.10983,0.40030584,-456.24222,4.2533393
202.96184,214.0,1081.4869,565.6788,0.40030584,132.75319,4.338686
525.845,241.0,1319.9655,558.89105,0.40030584,30.501171,4.3746405
448.98865,281.0,1461.6697,686.38214,0.40030584,101.26722,4.3966055
969.42017,298.0,1878.357,661.8528,0.40030584,-90.06456,4.4667068
1292.892,368.0,1454.4895,432.68848,0.40030584,-149.5522,4.562476
23.782354,368.0,1882.3083,1111.9788,0.40030584,358.4798,4.5806975
238.22113,441.0,1697.1641,1025.0234,0.40030584,345.63867,4.590109
820.87476,529.0,936.31525,575.2115,0.40030584,200.39903,4.6442227
1096.1721,705.0,1211.5283,751.17773,0.40030584,266.1959,4.6985345
513.7737,709.0,1963.0522,1289.1547,0.40030584,503.3334,4.7719283
415.7145,723.0,1637.0094,1211.8915,0.40030584,556.58704,4.8237433
1319.58,828.0,1941.6686,1077.0258,0.40030584,299.76443,4.876744
222.25407,846.0,1080.5769,1189.5917,0.40030584,757.0304,4.958486
59.64831,897.0,562.23755,1098.1895,0.40030584,873.12244,4.997494
1019.2442,1026.0,1319.2218,1146.0828,0.40030584,617.9906,5.0282493
1177.9882,1088.0,1810.0782,1341.0293,0.40030584,616.44446,5.1224656
971.53674,1114.0,1195.4099,1203.6178,0.40030584,725.08813,5.1355314
345.6471,1128.0,534.5935,1203.6364,0.40030584,989.63544,5.1651993
1260.3451,1202.0,1389.7546,1253.8033,0.40030584,697.4765,5.1870494
1166.5432,1209.0,2047.6161,1561.6986,0.40030584,742.02594,5.2049117
952.89777,1214.0,1184.6106,1306.756,0.40030584,832.54944,5.242425
707.24713,1236.0,972.3027,1342.1033,0.40030584,952.8848,5.3306384
139.15134,1242.0,1398.5935,1746.1621,0.40030584,1186.2969,5.403972
707.086,1259.0,2009.662,1780.4287,0.40030584,975.94934,5.4246745
1495.0365,1284.0,1771.9781,1394.8613,0.40030584,685.52814,5.482912
1527.5865,1297.0,1779.38,1397.7944,0.40030584,685.49817,5.578527
732.53534,1331.0,1472.4382,1627.1875,0.40030584,1037.7618,5.664232
669.0069,1373.0,1493.7191,1703.1371,0.40030584,1105.1926,5.6796293
1179.432,1376.0,1377.5388,1455.3033,0.40030584,903.86646,5.7790527
362.23026,1429.0,635.8747,1538.5415,0.40030584,1283.9971,5.8032856
2037.6094,1476.0,2054.573,1482.7906,0.40030584,660.33307,5.8696003
808.2116,1688.0,1851.3352,2105.5686,0.40030584,1364.4681,5.9646263
477.02655,1699.0,627.27136,1759.1439,0.40030584,1508.0435,6.031877
555.25836,1752.0,1505.9176,2132.5544,0.40030584,1529.7268,6.0538564
1069.2794,1780.0,1515.5304,1958.6368,0.40030584,1351.9612,6.059175
1153.6537,1804.0,1681.0975,2015.1389,0.40030584,1342.1857,6.087788
273.53653,1817.0,864.64264,2053.6233,0.40030584,1707.5017,6.18178
1583.4551,1820.0,1762.7025,1891.7538,0.40030584,1186.1337,6.218027
1221.2308,1838.0,1536.3607,1964.1483,0.40030584,1349.1342,6.2527914
1451.0096,1965.0,2026.3658,2195.3184,0.40030584,1384.1523,6.325844
745.1152,1980.0,1870.9463,2430.6768,0.40030584,1681.7261,6.366635
1299.3081,1989.0,1922.5219,2238.476,0.40030584,1468.8794,6.4167137
52.31308,2010.0,407.3932,2152.1406,0.40030584,1989.0587,6.4436316
544.7853,2033.0,1767.6615,2522.5244,0.40030584,1814.9193,6.452874
