X1,Y1,X2,Y2,slop,b,width
817.3111,33.0,1545.5101,126.39305,0.1282521,-71.82187,4.0632157
390.1861,40.0,888.8293,103.95204,0.1282521,-10.042187,4.1367335
889.6144,122.0,1521.0856,202.98752,0.1282521,7.9050865,4.1444693
1275.5942,138.0,1582.1461,177.31592,0.1282521,-25.597649,4.210152
439.25967,301.0,1863.0775,483.60764,0.1282521,244.66402,4.264082
422.29572,351.0,1814.9066,529.6053,0.1282521,296.8397,4.299614
950.3905,405.0,1394.1655,461.91507,0.1282521,283.1104,4.360428
573.39575,440.0,1063.0286,502.79645,0.1282521,366.4608,4.373587
1694.1931,454.0,1930.0615,484.25064,0.1282521,236.71617,4.4440026
725.1393,489.0,886.87616,509.7431,0.1282521,395.99936,4.507042
234.60269,579.0,1739.8314,772.04877,0.1282521,548.9117,4.603843
1098.6213,663.0,1832.1605,757.07794,0.1282521,522.0995,4.6513624
589.8397,670.0,1153.8488,742.3353,0.1282521,594.3518,4.733895
760.50287,672.0,2025.6984,834.264,0.1282521,574.4639,4.808871
1221.5914,673.0,1659.494,729.1619,0.1282521,516.3283,4.83817
997.94543,763.0,1616.1006,842.2797,0.1282521,635.0114,4.889496
1271.6534,832.0,1611.8945,875.63666,0.1282521,668.9078,4.9090295
245.88908,1021.0,850.22644,1098.5076,0.1282521,989.46423,4.9743643
1025.1128,1159.0,1535.4629,1224.4535,0.1282521,1027.5271,5.0467057
1335.3722,1175.0,1583.6868,1206.8469,0.1282521,1003.7357,5.1189
1672.1268,1233.0,1779.5332,1246.7751,0.1282521,1018.5462,5.1809883
600.04144,1375.0,1845.0432,1534.6741,0.1282521,1298.0435,5.2092233
607.7386,1416.0,1940.2163,1586.8931,0.1282521,1338.0563,5.267249
410.09207,1424.0,1498.5428,1563.5961,0.1282521,1371.4048,5.366051
559.4555,1656.0,2012.5422,1842.3615,0.1282521,1584.2487,5.430019
616.42584,1677.0,822.26624,1703.3994,0.1282521,1597.9421,5.438248
1228.5931,1701.0,1511.8063,1737.3226,0.1282521,1543.4303,5.449412
792.3084,1744.0,1055.2477,1777.7225,0.1282521,1642.3848,5.4999566
482.34,1833.0,1916.3358,2016.913,0.1282521,1771.1389,5.5968246
940.7971,1865.0,1936.2919,1992.6743,0.1282521,1744.3408,5.649085
512.4506,1992.0,743.2999,2021.6069,0.1282521,1926.2771,5.6617284
1657.5249,1999.0,1956.1803,2037.3032,0.1282521,1786.419,5.69509
741.102,2010.0,2023.8334,2174.513,0.1282521,1914.9521,5.7309017
674.2293,2031.0,1110.3318,2086.9312,0.1282521,1944.5287,5.826308
