X1,Y1,X2,Y2,slop,b,width
1952.6182,266.0,2051.688,313.53983,0.47986218,-670.9876,4.066605
43.24628,269.0,2021.0312,1218.0642,0.47986218,248.24774,4.118887
1156.3685,307.0,1315.5928,383.40564,0.47986218,-247.89754,4.1470647
550.67944,367.0,1312.488,732.5631,0.47986218,102.74977,4.1555624
1110.898,477.0,1247.7357,542.66327,0.47986218,-56.077892,4.184552
11.396742,511.0,1618.8666,1282.364,0.47986218,505.53113,4.248836
42.906452,524.0,1275.6884,1115.5654,0.47986218,503.41083,4.3064876
126.46579,586.0,338.68686,687.83685,0.47986218,525.31384,4.371842
1702.5782,678.0,1891.2499,768.5364,0.47986218,-139.00287,4.39876
627.69135,897.0,1233.0212,1187.4749,0.47986218,595.7947,4.459278
211.69328,917.0,1984.1149,1767.5181,0.47986218,815.4164,4.5471983
1438.4757,969.0,1890.1929,1185.762,0.47986218,278.72995,4.6245985
921.86743,1014.0,1140.9054,1119.108,0.47986218,571.6307,4.6392045
386.49265,1189.0,1926.4083,1927.9473,0.47986218,1003.5368,4.6917396
62.637558,1288.0,923.54877,1701.1187,0.47986218,1257.9426,4.7379394
971.18243,1450.0,1457.3654,1683.3008,0.47986218,983.9663,4.76959
1360.5962,1553.0,1477.7203,1609.2034,0.47986218,900.1013,4.8198886
49.25992,1565.0,1225.5496,2129.4568,0.47986218,1541.362,4.8816967
532.9374,1587.0,1704.3749,2149.1284,0.47986218,1331.2635,4.903494
1184.8783,1741.0,1737.648,2006.2533,0.47986218,1172.4218,4.9290805
489.29428,1927.0,999.23865,2171.703,0.47986218,1692.2062,4.9810843
1748.629,1938.0,1855.3312,1989.2023,0.47986218,1098.899,5.0532665
259.92325,1968.0,1882.9299,2746.8196,0.47986218,1843.2727,5.0917153
1565.6156,2006.0,1805.4404,2121.0828,0.47986218,1254.7203,5.1101384
1125.1312,2037.0,1417.5045,2177.2988,0.47986218,1497.092,5.156469
