X1,Y1,X2,Y2,slop,b,width,N_analogs
1426.5989,49.0,1812.8602,-113.56792,-0.42087537,649.4203,5.0104733,1.0
232.1771,76.0,1590.0375,-494.1321,-0.41987535,173.48544,5.070552,0.0
1755.8466,145.0,1887.9425,89.53619,-0.41987535,882.23676,5.1628156,0.0
1357.6091,336.0,1793.8838,152.81905,-0.41987535,906.0266,5.216698,0.0
112.370224,383.0,630.6139,165.40225,-0.41987535,430.1815,5.2447095,0.0
941.481,539.0,1236.1241,415.28662,-0.41987535,934.3047,5.2520776,0.0
576.81177,657.0,759.99054,580.0877,-0.41987535,899.189,5.2956343,0.0
1136.0436,757.0,1722.9569,510.56955,-0.41987535,1233.9967,5.2964005,0.0
450.26215,780.0,1784.0209,219.98758,-0.41987535,969.054,5.369406,0.0
1098.0303,891.0,1640.9772,663.02997,-0.41987535,1352.0359,5.451458,0.0
1155.8739,962.0,1784.6704,697.9838,-0.41987535,1447.323,5.4927287,0.0
1147.0797,1004.0,1572.7758,825.2607,-0.41987535,1485.6305,5.530104,0.0
1440.0718,1057.0,1998.2333,822.6418,-0.41987535,1661.6506,5.618182,1.0
1457.3527,1111.0,1644.8835,1032.2604,-0.41987535,1722.9065,5.6404815,0.0
1703.529,1214.0,2041.4254,1072.4635,-0.41887537,1927.5663,5.728952,0.0
1297.7015,1341.0,1688.3278,1177.3763,-0.41887537,1884.5752,5.8174696,1.0
1315.7366,1473.0,1731.2085,1298.9691,-0.41887537,2024.1296,5.879105,0.0
1046.5613,1525.0,1923.5166,1157.665,-0.41887537,1963.3788,5.9229865,0.0
1689.8596,1716.0,1810.6073,1665.4218,-0.41887537,2423.8406,5.9827824,0.0
1719.7874,1747.0,1919.4115,1663.3823,-0.41887537,2467.3765,6.059884,0.0
548.32434,1826.0,1557.6372,1403.2236,-0.41887537,2055.6794,6.1280184,0.0
954.6107,1831.0,1477.2455,1612.0812,-0.41887537,2230.8628,6.1438465,1.0
