X1,Y1,X2,Y2,slop,b,width
293.60516,202.0,1445.429,439.1504,0.20589119,141.54929,4.050586
1383.0411,299.0,2007.7925,428.25555,0.2068912,12.860982,4.144708
315.87497,330.0,1291.735,532.8727,0.2078912,264.33237,4.1690493
545.0201,789.0,862.17065,855.24994,0.20889118,675.1501,4.1974854
1687.9497,794.0,1989.26,857.2424,0.20989119,439.71423,4.2061696
467.38922,877.0,1998.2499,1199.845,0.21089119,778.4317,4.262528
50.116512,926.0,1086.3649,1145.5719,0.21189119,915.38074,4.319929
1511.7296,1148.0,2046.6672,1261.8835,0.21289119,826.1661,4.362336
1295.014,1231.0,1557.5979,1287.1644,0.2138912,954.00793,4.4387755
269.09454,1356.0,1936.9032,1714.3973,0.2148912,1298.174,4.5125527
906.25775,1402.0,1520.248,1534.555,0.2158912,1206.3469,4.5134068
1786.7677,1426.0,1951.9495,1461.8264,0.21689118,1038.4658,4.6115494
1067.9987,1676.0,1348.6825,1737.1586,0.21789119,1443.2925,4.634557
101.2244,1745.0,370.8861,1804.0266,0.21889119,1722.8429,4.6392946
587.15,1823.0,808.4134,1871.6539,0.21989119,1693.8909,4.6510153
1050.7281,1824.0,1668.7683,1960.5197,0.2208912,1591.9034,4.7341633
