X1,Y1,X2,Y2,slop,b,width
2047.7484,133.0,2093.8145,153.42223,0.4433264,-774.821,4.0919933
1264.2427,176.0,1582.3423,317.34006,0.4443264,-385.73642,4.1156783
1408.6171,324.0,1768.7098,484.3588,0.44532642,-303.2944,4.137517
803.603,455.0,1867.446,929.8212,0.4463264,96.33076,4.20926
2002.7959,474.0,2066.6206,502.5505,0.44732642,-421.9035,4.2275133
534.2491,679.0,1084.9214,925.8809,0.4483264,439.48203,4.248593
1099.954,702.0,1490.9042,877.66425,0.44932643,207.76161,4.3009787
164.60982,706.0,563.5356,885.6468,0.4503264,631.8718,4.322237
1452.2594,794.0,2034.433,1056.7502,0.4513264,138.55695,4.422118
366.02588,864.0,1124.7461,1207.1892,0.45232642,698.4368,4.5197287
1950.9497,1029.0,2048.0442,1073.0155,0.4533264,144.58295,4.5673046
1010.27527,1144.0,1499.5455,1366.2883,0.45432642,685.00525,4.5970445
308.27667,1295.0,1554.8348,1862.591,0.4553264,1154.6335,4.6068687
1788.797,1312.0,1914.0748,1369.1676,0.45632643,495.7247,4.6579905
975.7122,1628.0,1218.2566,1738.922,0.4573264,1181.781,4.7238746
1152.103,1659.0,1592.7942,1860.9805,0.4583264,1130.9608,4.767197
1099.2964,1707.0,1495.5259,1888.9987,0.45932642,1202.0641,4.8565145
1725.006,1718.0,2010.1034,1849.2379,0.4603264,923.9342,4.905485
1027.1095,1736.0,1718.3035,2054.866,0.46132642,1262.1672,4.97355
1868.3698,1806.0,1999.2667,1866.5171,0.4623264,942.2033,5.0242834
