X1,Y1,X2,Y2,slop,b,width
716.5134,24.0,849.65247,61.9006,0.28466937,-179.96944,5.090876
116.876595,35.0,616.0972,177.11284,0.28466937,1.7288114,5.1242285
1458.524,49.0,1859.5776,163.16765,0.28466937,-366.19714,5.1276217
609.64966,52.0,1413.5051,280.833,0.28466937,-121.54859,5.181005
1335.3208,155.0,1547.1464,215.30025,0.28466937,-225.12495,5.212312
1771.7772,157.0,2003.8256,223.05705,0.28466937,-347.37073,5.2285542
1698.7178,164.0,1940.2372,232.7532,0.28466937,-319.57294,5.2672186
393.8084,207.0,828.0205,330.6069,0.28466937,94.8948,5.2870426
466.79752,251.0,1989.0256,684.3317,0.28466937,118.117035,5.349929
510.69183,280.0,2039.3326,715.1572,0.28466937,134.62167,5.3610454
1037.8817,329.0,1941.8573,586.33417,0.28466937,33.54685,5.420342
251.81053,334.0,816.7353,494.81677,0.28466937,262.31726,5.450747
692.24817,346.0,1042.5306,445.71472,0.28466937,148.93814,5.5074506
271.76614,403.0,689.654,521.9599,0.28466937,325.6365,5.5599504
1337.9928,409.0,1876.578,562.3187,0.28466937,28.114403,5.600692
1882.901,421.0,1990.5045,451.63144,0.28466937,-115.00425,5.6784153
391.50696,556.0,1995.2183,1012.5275,0.28466937,444.54996,5.713822
1332.4734,558.0,1683.5381,657.9374,0.28466937,178.68564,5.7443266
477.08203,579.0,1825.9729,962.9879,0.28466937,443.18936,5.7476335
657.67456,589.0,1494.2755,827.15466,0.28466937,401.78018,5.78609
159.63884,641.0,479.62985,732.0916,0.28466937,595.5557,5.834075
629.47327,743.0,747.5259,776.60596,0.28466937,563.8082,5.8780427
277.12177,751.0,492.30508,812.2561,0.28466937,672.11194,5.8974876
1967.4572,751.0,2062.4502,778.04156,0.28466937,190.92517,5.987304
976.9336,860.0,1594.3713,1035.7656,0.28466937,581.8969,6.069283
1410.8152,874.0,1894.3826,1011.65686,0.28466937,472.38412,6.1449156
482.94284,979.0,702.37634,1041.466,0.28466937,841.52094,6.243272
2043.1768,1074.0,2124.159,1097.0531,0.28466937,492.37015,6.262147
1268.9666,1106.0,1802.3085,1257.8262,0.28466937,744.7641,6.2902756
887.6456,1128.0,1227.4227,1224.7241,0.28466937,875.31445,6.3469396
113.32288,1159.0,1131.8806,1448.9521,0.28466937,1126.7405,6.3618994
991.5411,1196.0,1580.1304,1363.5533,0.28466937,913.7386,6.3740435
1480.9484,1217.0,1996.4923,1363.7596,0.28466937,795.4194,6.4370174
895.0248,1243.0,1094.976,1299.92,0.28466937,988.21387,6.4705405
88.47833,1306.0,717.8747,1485.1699,0.28466937,1280.8129,6.4938803
1703.2411,1364.0,1863.9946,1409.7616,0.28466937,879.1394,6.551641
116.79479,1413.0,404.31512,1494.8483,0.28466937,1379.7521,6.6032863
1113.3838,1484.0,1535.8468,1604.2623,0.28466937,1167.0537,6.6572866
443.64673,1544.0,808.06866,1647.7397,0.28466937,1417.7074,6.7275434
752.72363,1637.0,907.6765,1681.1104,0.28466937,1422.7227,6.781515
499.852,1640.0,1960.4863,2055.7979,0.28466937,1497.7074,6.8321977
1748.18,1684.0,1853.9604,1714.1124,0.28466937,1186.3467,6.884585
3.7769074,1685.0,759.04456,1900.0016,0.28466937,1683.9248,6.9162793
270.71872,1695.0,441.4205,1743.5936,0.28466937,1617.9347,6.9970927
1361.373,1826.0,1747.1614,1935.8221,0.28466937,1438.4587,7.0123224
1354.0925,1898.0,1579.9398,1962.2919,0.28466937,1512.5314,7.070739
243.23262,1929.0,1929.218,2408.9485,0.28466937,1859.7592,7.1140203
1654.5304,1937.0,1999.0979,2035.0878,0.28466937,1466.0059,7.1494226
1740.2074,1944.0,1883.281,1984.7286,0.28466937,1448.6162,7.209801
