X1,Y1,X2,Y2,slop,b,width
1665.139,44.0,2037.1747,143.79483,0.26823995,-402.65683,5.0802135
974.4323,67.0,1606.1414,236.44962,0.26823995,-194.38168,5.112108
1398.7549,108.0,2031.57,277.74628,0.26823995,-267.20197,5.1838527
1869.6539,115.0,2013.1727,153.4975,0.26823995,-386.51587,5.2818246
1606.661,165.0,2004.878,271.8177,0.26823995,-265.9707,5.380682
457.89847,218.0,2006.9746,633.5241,0.26823995,95.17333,5.4177213
568.65247,255.0,814.126,320.8458,0.26823995,102.46468,5.4549866
498.4449,454.0,1558.9421,738.4678,0.26823995,320.29715,5.524295
315.84888,460.0,1057.3771,658.9075,0.26823995,375.2767,5.5352464
1541.5781,480.0,1944.7008,588.1336,0.26823995,66.48715,5.5719543
268.57367,527.0,877.08246,690.2264,0.26823995,454.9578,5.582061
1454.3706,562.0,1916.7255,686.02203,0.26823995,171.87968,5.649432
738.1956,670.0,1662.5815,917.9573,0.26823995,471.98645,5.7168603
676.60565,672.0,1004.83795,760.04504,0.26823995,490.50732,5.7723837
1030.04,785.0,1766.9117,982.6584,0.26823995,508.7021,5.8115096
2017.5696,791.0,2108.9185,815.5034,0.26823995,249.8072,5.8662267
1671.9647,817.0,1824.561,857.93243,0.26823995,368.51227,5.9592896
1038.8536,860.0,1213.7743,906.9207,0.26823995,581.33795,6.043997
1526.2983,919.0,1720.143,970.9969,0.26823995,509.5858,6.129014
1224.5891,920.0,1669.4485,1039.3291,0.26823995,591.51624,6.2097106
1290.5836,947.0,1805.4955,1085.12,0.26823995,600.8139,6.2872934
1083.4257,972.0,1601.3954,1110.9402,0.26823995,681.38196,6.341945
541.2359,1068.0,1662.9291,1368.8829,0.26823995,922.8189,6.4034476
1041.9308,1143.0,1372.1855,1231.5875,0.26823995,863.5125,6.4090023
1372.5295,1229.0,2020.3286,1402.7656,0.26823995,860.83276,6.5033965
1920.1539,1241.0,2034.2932,1271.6167,0.26823995,725.938,6.5719957
1783.0829,1310.0,1968.9252,1359.8503,0.26823995,831.70593,6.659205
666.71924,1313.0,1688.1045,1586.9763,0.26823995,1134.1593,6.682031
1830.0452,1393.0,2041.6041,1449.7485,0.26823995,902.10876,6.6992044
1698.2612,1427.0,1908.3082,1483.343,0.26823995,971.4585,6.78132
1071.0784,1495.0,1992.2991,1742.1083,0.26823995,1207.694,6.789352
699.5679,1507.0,1216.1687,1645.573,0.26823995,1319.3479,6.8187814
870.15314,1599.0,1360.6979,1730.5837,0.26823995,1365.5902,6.8387256
1812.6621,1609.0,2039.1726,1669.7592,0.26823995,1122.7716,6.924985
618.28174,1662.0,1539.9878,1909.2384,0.26823995,1496.1521,6.97264
1354.2377,1699.0,1606.5573,1766.6823,0.26823995,1335.7394,7.035861
617.5381,1717.0,1554.7859,1968.4073,0.26823995,1551.3516,7.075603
572.5389,1756.0,898.01843,1843.3066,0.26823995,1602.4222,7.162523
1531.7794,1808.0,1961.3739,1923.2344,0.26823995,1397.1156,7.178199
1454.1189,1893.0,1776.85,1979.5693,0.26823995,1502.9473,7.25047
1843.0333,2033.0,1982.216,2070.3342,0.26823995,1538.6249,7.268345
