X1,Y1,X2,Y2,slop,b,width
915.60004,14.0,1267.3701,54.73343,0.11579561,-92.02247,5.0244184
79.892555,136.0,282.643,159.47762,0.11579561,126.748795,5.068732
1292.7665,154.0,1977.0643,233.23868,0.11579561,4.303307,5.148054
1249.2078,227.0,1712.8568,280.68854,0.11579561,82.34721,5.182992
881.7879,419.0,2046.8997,553.91486,0.11579561,316.89282,5.2799525
1944.3856,529.0,2045.8062,540.7441,0.11579561,303.84866,5.292978
1945.4955,569.0,2046.2274,580.6643,0.11579561,343.72015,5.3181415
1176.1122,655.0,2008.9728,751.4416,0.11579561,518.81134,5.3668942
1563.6548,744.0,1771.9196,768.11615,0.11579561,562.9356,5.3779254
1454.2896,893.0,1863.4264,940.3762,0.11579561,724.5997,5.443471
623.1312,947.0,1101.3679,1002.37775,0.11579561,874.8441,5.5251203
1237.2524,988.0,1809.9001,1054.31,0.11579561,844.73157,5.621369
260.37234,1104.0,393.77023,1119.4469,0.11579561,1073.85,5.6283603
1995.1517,1133.0,2066.0947,1141.2148,0.11579561,901.9702,5.6421876
1322.4547,1222.0,1597.4114,1253.8387,0.11579561,1068.8655,5.721096
382.6325,1309.0,1518.1511,1440.488,0.11579561,1264.6929,5.816238
1485.8154,1322.0,1639.6881,1339.8177,0.11579561,1149.9491,5.8230076
924.6169,1368.0,1974.8813,1489.616,0.11579561,1260.9335,5.897793
294.86664,1408.0,1769.4677,1578.7523,0.11579561,1373.8557,5.9943748
319.34976,1432.0,1207.31,1534.8219,0.11579561,1395.0208,6.064798
1262.1285,1459.0,1906.4475,1533.6093,0.11579561,1312.8511,6.084936
1880.9958,1461.0,1986.9137,1473.2648,0.11579561,1243.189,6.182161
564.1304,1472.0,917.25433,1512.8903,0.11579561,1406.6761,6.2062006
72.46654,1481.0,1725.6067,1672.4264,0.11579561,1472.6086,6.240518
679.01544,1550.0,1777.7832,1677.2325,0.11579561,1471.373,6.2618003
470.5231,1585.0,644.8903,1605.1909,0.11579561,1530.5155,6.322492
987.56494,1590.0,1475.1469,1646.4598,0.11579561,1475.6443,6.367418
641.36426,1630.0,1778.717,1761.7004,0.11579561,1555.7328,6.375791
369.81064,1711.0,1235.0244,1811.188,0.11579561,1668.1775,6.431183
700.1586,1962.0,1409.168,2044.1002,0.11579561,1880.9247,6.48945
990.45776,2010.0,1471.0402,2065.6494,0.11579561,1895.3093,6.5368695
